consumption,interval_start,interval_end
0.0,2025-02-16T23:30:00Z,2025-02-17T00:00:00Z
0.0,2025-02-16T23:00:00Z,2025-02-16T23:30:00Z
0.0,2025-02-16T22:30:00Z,2025-02-16T23:00:00Z
0.0,2025-02-16T22:00:00Z,2025-02-16T22:30:00Z
0.161,2025-02-16T21:30:00Z,2025-02-16T22:00:00Z
0.374,2025-02-16T21:00:00Z,2025-02-16T21:30:00Z
0.371,2025-02-16T20:30:00Z,2025-02-16T21:00:00Z
0.287,2025-02-16T20:00:00Z,2025-02-16T20:30:00Z
0.491,2025-02-16T19:30:00Z,2025-02-16T20:00:00Z
0.359,2025-02-16T19:00:00Z,2025-02-16T19:30:00Z
0.443,2025-02-16T18:30:00Z,2025-02-16T19:00:00Z
0.363,2025-02-16T18:00:00Z,2025-02-16T18:30:00Z
0.454,2025-02-16T17:30:00Z,2025-02-16T18:00:00Z
0.692,2025-02-16T17:00:00Z,2025-02-16T17:30:00Z
0.269,2025-02-16T16:30:00Z,2025-02-16T17:00:00Z
0.0,2025-02-16T16:00:00Z,2025-02-16T16:30:00Z
0.0,2025-02-16T15:30:00Z,2025-02-16T16:00:00Z
0.0,2025-02-16T15:00:00Z,2025-02-16T15:30:00Z
0.0,2025-02-16T14:30:00Z,2025-02-16T15:00:00Z
0.0,2025-02-16T14:00:00Z,2025-02-16T14:30:00Z
0.0,2025-02-16T13:30:00Z,2025-02-16T14:00:00Z
0.003,2025-02-16T13:00:00Z,2025-02-16T13:30:00Z
0.0,2025-02-16T12:30:00Z,2025-02-16T13:00:00Z
0.231,2025-02-16T12:00:00Z,2025-02-16T12:30:00Z
0.0,2025-02-16T11:30:00Z,2025-02-16T12:00:00Z
0.242,2025-02-16T11:00:00Z,2025-02-16T11:30:00Z
0.014,2025-02-16T10:30:00Z,2025-02-16T11:00:00Z
0.247,2025-02-16T10:00:00Z,2025-02-16T10:30:00Z
0.261,2025-02-16T09:30:00Z,2025-02-16T10:00:00Z
0.223,2025-02-16T09:00:00Z,2025-02-16T09:30:00Z
0.0,2025-02-16T08:30:00Z,2025-02-16T09:00:00Z
0.265,2025-02-16T08:00:00Z,2025-02-16T08:30:00Z
0.263,2025-02-16T07:30:00Z,2025-02-16T08:00:00Z
0.263,2025-02-16T07:00:00Z,2025-02-16T07:30:00Z
0.044,2025-02-16T06:30:00Z,2025-02-16T07:00:00Z
0.198,2025-02-16T06:00:00Z,2025-02-16T06:30:00Z
0.221,2025-02-16T05:30:00Z,2025-02-16T06:00:00Z
0.223,2025-02-16T05:00:00Z,2025-02-16T05:30:00Z
0.182,2025-02-16T04:30:00Z,2025-02-16T05:00:00Z
0.047,2025-02-16T04:00:00Z,2025-02-16T04:30:00Z
0.216,2025-02-16T03:30:00Z,2025-02-16T04:00:00Z
0.204,2025-02-16T03:00:00Z,2025-02-16T03:30:00Z
0.209,2025-02-16T02:30:00Z,2025-02-16T03:00:00Z
0.0,2025-02-16T02:00:00Z,2025-02-16T02:30:00Z
0.201,2025-02-16T01:30:00Z,2025-02-16T02:00:00Z
0.213,2025-02-16T01:00:00Z,2025-02-16T01:30:00Z
0.029,2025-02-16T00:30:00Z,2025-02-16T01:00:00Z
0.175,2025-02-16T00:00:00Z,2025-02-16T00:30:00Z
0.179,2025-02-15T23:30:00Z,2025-02-16T00:00:00Z
0.0,2025-02-15T23:00:00Z,2025-02-15T23:30:00Z
0.192,2025-02-15T22:30:00Z,2025-02-15T23:00:00Z
0.0,2025-02-15T22:00:00Z,2025-02-15T22:30:00Z
0.0,2025-02-15T21:30:00Z,2025-02-15T22:00:00Z
0.062,2025-02-15T21:00:00Z,2025-02-15T21:30:00Z
0.192,2025-02-15T20:30:00Z,2025-02-15T21:00:00Z
0.054,2025-02-15T20:00:00Z,2025-02-15T20:30:00Z
0.233,2025-02-15T19:30:00Z,2025-02-15T20:00:00Z
0.0,2025-02-15T19:00:00Z,2025-02-15T19:30:00Z
0.01,2025-02-15T18:30:00Z,2025-02-15T19:00:00Z
0.244,2025-02-15T18:00:00Z,2025-02-15T18:30:00Z
0.069,2025-02-15T17:30:00Z,2025-02-15T18:00:00Z
0.131,2025-02-15T17:00:00Z,2025-02-15T17:30:00Z
0.12,2025-02-15T16:30:00Z,2025-02-15T17:00:00Z
0.226,2025-02-15T16:00:00Z,2025-02-15T16:30:00Z
0.0,2025-02-15T15:30:00Z,2025-02-15T16:00:00Z
0.258,2025-02-15T15:00:00Z,2025-02-15T15:30:00Z
0.0,2025-02-15T14:30:00Z,2025-02-15T15:00:00Z
0.0,2025-02-15T14:00:00Z,2025-02-15T14:30:00Z
0.007,2025-02-15T13:30:00Z,2025-02-15T14:00:00Z
0.11,2025-02-15T13:00:00Z,2025-02-15T13:30:00Z
0.121,2025-02-15T12:30:00Z,2025-02-15T13:00:00Z
0.0,2025-02-15T12:00:00Z,2025-02-15T12:30:00Z
0.106,2025-02-15T11:30:00Z,2025-02-15T12:00:00Z
0.139,2025-02-15T11:00:00Z,2025-02-15T11:30:00Z
0.25,2025-02-15T10:30:00Z,2025-02-15T11:00:00Z
0.0,2025-02-15T10:00:00Z,2025-02-15T10:30:00Z
0.13,2025-02-15T09:30:00Z,2025-02-15T10:00:00Z
0.045,2025-02-15T09:00:00Z,2025-02-15T09:30:00Z
0.255,2025-02-15T08:30:00Z,2025-02-15T09:00:00Z
0.255,2025-02-15T08:00:00Z,2025-02-15T08:30:00Z
0.209,2025-02-15T07:30:00Z,2025-02-15T08:00:00Z
0.033,2025-02-15T07:00:00Z,2025-02-15T07:30:00Z
0.229,2025-02-15T06:30:00Z,2025-02-15T07:00:00Z
0.268,2025-02-15T06:00:00Z,2025-02-15T06:30:00Z
0.231,2025-02-15T05:30:00Z,2025-02-15T06:00:00Z
0.0,2025-02-15T05:00:00Z,2025-02-15T05:30:00Z
0.215,2025-02-15T04:30:00Z,2025-02-15T05:00:00Z
0.213,2025-02-15T04:00:00Z,2025-02-15T04:30:00Z
0.063,2025-02-15T03:30:00Z,2025-02-15T04:00:00Z
0.16,2025-02-15T03:00:00Z,2025-02-15T03:30:00Z
0.201,2025-02-15T02:30:00Z,2025-02-15T03:00:00Z
0.0,2025-02-15T02:00:00Z,2025-02-15T02:30:00Z
0.0,2025-02-15T01:30:00Z,2025-02-15T02:00:00Z
0.0,2025-02-15T01:00:00Z,2025-02-15T01:30:00Z
0.0,2025-02-15T00:30:00Z,2025-02-15T01:00:00Z
0.0,2025-02-15T00:00:00Z,2025-02-15T00:30:00Z
0.0,2025-02-14T23:30:00Z,2025-02-15T00:00:00Z
0.0,2025-02-14T23:00:00Z,2025-02-14T23:30:00Z
0.008,2025-02-14T22:30:00Z,2025-02-14T23:00:00Z
0.07,2025-02-14T22:00:00Z,2025-02-14T22:30:00Z
